1.219535554463820e+01
6.311819304138159e+00
1.548972024974325e+01
1.475780169580777e+01
2.694007369629302e+01
4.183853706680872e+00
1.451604976458166e+01
1.200927962860667e+01
1.053989673054100e+01
6.203006291450348e+00
6.092688818258309e+00
4.259950175036141e+01
3.302771111949010e+00
9.896274018927295e+00
1.221610303183635e+01
9.607397018223852e+00
2.276779731571393e+01
1.081657154094958e+01
1.521869861235856e+01
4.016836160584762e+01
1.992802586867740e+01
4.937131539559919e+01
3.354083920844043e+00
3.974513493303258e+01
3.286381557111245e+01
7.511817028230188e+00
9.819025611519734e+00
1.543463357633958e+01
1.983776692376217e+01
3.810773301999054e+01
2.967542199683853e+01
7.418637815532541e+00
1.001244708298947e+01
1.397503680985166e+01
1.111557955710330e+01
1.018739889654570e+01
4.548588341561717e+00
7.724893792182573e+00
3.083409486478136e+01
7.260768760831520e+00
1.223686515131606e+01
1.052021993380775e+01
3.544636872495965e+01
1.743671195894472e+01
1.500967105527041e+01
1.380640246740285e+01
5.219927120786721e+01
4.191876507748768e+01
7.387323491474563e+00
2.492495923241292e+01
6.275713312787405e+00
1.036320609676583e+01
7.001233113268188e+00
3.251163899320388e+00
4.992223812363103e+01
6.698475000896645e+00
1.030450692763736e+01
9.054807212062398e+00
1.073729021290185e+01
1.384803147606965e+01
2.623581389060905e+01
3.403577853296973e+01
1.010953858968622e+01
3.010209499025238e+01
1.196808681685155e+01
1.787240706702284e+01
5.437359229438128e+00
2.096937889514426e+01
1.258380708020728e+01
1.333339666390151e+01
1.889058549269251e+01
2.981661429135415e+01
1.046125668834293e+01
3.455568698072618e+01
4.038210139975376e+01
3.490830120421803e+01
5.674733519858529e+00
4.147240273706628e+01
1.428406136593545e+01
5.829228993393095e+00
5.048040369075117e+01
1.880849157629316e+01
7.132092765308594e+00
1.238261326368744e+01
8.681583575247233e+00
1.582975564241655e+01
9.111630279815154e+00
1.065819524793888e+01
2.600838697014010e+01
9.492447248376854e+00
3.159276086334784e+01
1.864623862649641e+01
1.225764194553625e+01
1.277408656943145e+01
3.599557541150146e+01
1.089604175810195e+01
8.133798906469984e+00
4.306089324147908e+01
4.169484362481243e+01
1.215390429747172e+01
2.995883695225650e+01
1.083642128798800e+01
5.980831346215568e+00
1.662528214173608e+01
1.456360795699138e+01
1.695397643298653e+01
1.103557678674325e+01
1.702130275416451e+01
1.794706085455591e+01
2.039016956559115e+01
2.168075380591112e+01
2.545557982509661e+01
1.283979795001784e+01
7.814407639494751e+00
1.922552863892773e+01
2.116862981824720e+01
8.019224886962260e+00
4.214417595381543e+01
1.129631530745555e+01
3.771193948881374e+01
4.352842375231629e+01
1.186535126360553e+01
5.192929132191497e+00
1.232006080189246e+01
1.360344395242292e+01
8.786424319308425e+00
1.600604134438678e+01
4.768888025537044e+00
1.125606348104434e+01
1.168130056093183e+01
1.315018819716548e+01
4.230299321287190e+00
1.020689027779114e+01
8.190433419204284e+00
6.594891113909162e+00
1.708916754367469e+01
3.655610978249759e+01
1.077690742390206e+01
1.032406247537011e+01
2.346255571579541e+01
8.246640714203300e+00
8.707934466133967e+00
1.211251107102725e+01
1.304400555800860e+01
5.338309558987551e+01
9.722686204751302e+00
9.396909274001629e+00
1.401808628320500e+01
4.983591297928494e+00
1.532579013589193e+01
8.734191149770952e+00
6.454622481384568e+00
1.113561115755073e+01
1.093584849225820e+01
1.151862185757874e+01
2.805972987095323e+01
1.205052928084197e+01
5.151480133522002e+00
4.546144160789031e+01
2.288130883728925e+01
2.232263290110203e+01
8.521465205302269e+00
1.234089672054915e+01
4.503835593484516e+00
2.067634328434925e+01
1.040239334351714e+01
1.227843345700003e+01
9.954315086354722e+00
1.131646034981716e+01
5.025880930374947e+00
2.871551619322155e+01
2.392878047819098e+01
3.024639346815524e+01
4.829084204158992e+01
9.092680831216096e+00
1.872704428213232e+01
1.198867613866309e+01
9.377828890935550e+00
2.670162804168435e+01
7.355880353612953e+00
1.038279424764406e+01
1.044162452510405e+01
8.991707679886597e+00
1.091593912329999e+01
6.560057372877069e+00
4.368155585828619e+00
7.873498544416419e+00
7.034156246466575e+00
1.318620047637016e+01
3.636799452860520e+01
3.113432368371932e+01
5.104590281743484e+01
1.511333383428784e+01
1.252261498461981e+01
2.858239266641933e+01
3.995545159720874e+00
1.172210484871482e+01
1.348573279168938e+01
3.947825253690579e+00
1.236174752690568e+01
2.589603117123928e+01
6.018290520047259e+00
9.282561013831209e+00
1.087615635693601e+01
4.090209110911000e+00
1.649743544590084e+01
3.221935282355227e+01
5.278732853717149e+01
1.297474144158848e+01
4.472459948705646e+01
1.410527185617393e+01
2.364652800400803e+01
1.016791807537416e+01
8.412755863009465e+00
1.149834691598633e+01
2.682038620330355e+01
4.571030369320212e+01
3.335911854268176e+01
3.508643080247238e+01
3.369510539149447e+01
1.162019560343616e+01
2.311104736883426e+01
9.435097141494817e+00
1.014844777599572e+01
1.176296364194164e+01
1.229923972825483e+01
5.397120202236838e+00
1.012898796016785e+01
6.347761971868805e+00
1.255307355238160e+01
2.210527983103964e+01
4.681453088354273e+00
1.656110328951079e+01
1.423880519689087e+01
4.282943472715345e+01
4.672225901876844e+01
2.939610872408154e+01
6.419162328151941e+00
1.079673359943046e+01
1.914079748995755e+01
2.106861082159509e+01
2.578457590132219e+01
9.703447428591412e+00
2.383385407544172e+01
4.400216771812278e+01
2.001900048529466e+01
9.187513179249098e+00
3.674550510318297e+01
1.061871686500595e+01
8.357796378272381e+00
4.237108518005466e+01
1.069771959251447e+01
1.364335207847421e+01
2.221352646671440e+01
1.159985417901274e+01
3.899843649371744e+00
1.802230882279452e+01
1.668997582316780e+01
7.164464004132496e+00
1.389001189432235e+01
2.373977069071048e+01
8.048033368236675e+00
4.723828351772418e+01
1.207117552721839e+01
4.637395103793536e+00
1.637161766782942e+01
1.682092312395595e+01
5.790879955764725e+00
9.761192749920255e+00
1.099564901957628e+01
1.153891001365977e+01
7.099585059822037e+00
1.003184479847044e+01
7.694818572494301e+00
1.527202696778490e+01
4.448220069647792e+01
9.206505361780778e+00
2.402455227290859e+01
5.867397229646198e+00
3.912080321143586e+01
1.630946025689104e+01
1.419392330227105e+01
9.645788637441832e+00
1.178341358166995e+01
1.939701287117031e+01
1.560123971224807e+01
2.334445613683817e+01
2.243260611971070e+01
1.050055435381559e+01
1.034362885221683e+01
4.596080638125790e+01
1.432969445677984e+01
1.406149711868984e+01
1.143760096879924e+01
1.101560680165837e+01
1.071749909857145e+01
1.715757486377706e+01
1.141737847602835e+01
7.754849826037185e+00
6.800706784384448e+00
7.603869406456790e+00
1.948377652304438e+01
9.320641503664456e+00
1.155921142522627e+01
4.882754608260154e+01
2.884963186560982e+01
3.190384621624084e+01
2.087092778513626e+01
6.629571197465340e+00
2.818892975928000e+01
3.206104399420417e+01
7.228801027214399e+00
8.889786549584624e+00
4.593107512893552e+00
9.569043111573409e+00
1.059899481114998e+01
1.974821804579629e+01
3.420788838431608e+01
1.057928413017673e+01
1.107555352583901e+01
1.170169591233629e+01
3.655927208595950e+00
1.485731502625006e+01
9.857629986253865e+00
1.571457593465051e+01
2.502932725250729e+01
8.575225609688998e+00
1.085628288011407e+01
4.749884366365129e+01
9.301596839655177e+00
1.393234617965266e+01
1.352463662032811e+01
5.596371677154071e+00
3.932752359560669e+01
1.337099331102100e+01
5.076223083804940e+01
2.718225204839316e+01
5.398666980924045e+01
1.026542816535343e+01
3.953563145661083e+01
8.940924962952003e+00
3.705252991648938e+00
3.790917012069433e+01
1.194751162123823e+01
9.799738201813719e+00
3.871149263642607e+01
2.988615006155722e+00
4.329388649338975e+01
1.965937368069212e+01
3.053813225609702e+01
4.322448112329844e+00
3.199259551415327e+00
1.722652881262330e+01
1.213320045280608e+01
4.276496736245297e+00
1.461155942764892e+01
2.772988947272688e+00
1.117571172893561e+01
8.105319632169893e+00
2.935182831654210e+00
5.308424229037976e+01
9.358757492654673e+00
1.446888206704342e+01
8.440083402436324e+00
4.941087087287631e+00
1.643427482351282e+01
8.966360501510762e+00
2.524069134631265e+01
1.270952784644729e+01
1.832933426488084e+01
1.322252531352671e+01
2.658379543222214e+01
1.594680602468880e+01
3.618115212428008e+01
1.139716899338798e+01
2.953525511001008e+01
9.664998682253996e+00
2.635089200820994e+01
4.898366491618187e+00
9.549880207610220e+00
2.718281828459045e+00
2.178562982339040e+01
1.209183610989637e+01
3.237877850946498e+01
1.261481740996305e+01
2.898474428063795e+01
2.793149991248957e+01
4.081387588172861e+01
3.319286676627372e+01
1.897333106003170e+01
2.048480842099588e+01
2.513457028778169e+01
1.192695050993266e+01
1.180387727213252e+01
5.316047878218475e+00
6.525068807847529e+00
7.932128954296970e+00
2.482146327148399e+01
3.732144453181252e+01
1.618662994231191e+01
2.058019766929016e+01
3.143886194718417e+01
3.438118902595514e+01
3.526578437337369e+01
6.934964256903049e+00
1.184484607148956e+01
2.441614272812080e+01
1.688718455342357e+01
3.891546222901028e+01
1.372418894919994e+01
2.556435352084102e+01
1.577193366451448e+01
1.240349397366445e+01
4.776111639537178e+01
1.905673335244635e+01
3.039173750098913e+01
1.135678889555307e+01
1.856606967021768e+01
6.489924240662507e+00
9.016967056119229e+00
1.264610639792507e+01
9.511582313031530e+00
1.442210210421463e+01
9.149554636013999e+00
1.009009962638466e+01
6.766777887915215e+00
3.302776781990166e+01
1.311448635253606e+01
2.780423559431627e+01
2.355412374951439e+01
1.414941305661644e+01
1.736609317073107e+01
2.265518117755284e+01
1.750789413452965e+01
6.868124981326228e+00
4.125143362270445e+01
5.517251035984184e+00
9.130588202671840e+00
8.864082535007615e+00
1.095576990474476e+01
3.995604222726863e+01
1.817460557178468e+01
1.182435475487594e+01
8.302426498298058e+00
1.063845033087802e+01
1.007067103213514e+01
3.098367331567383e+01
2.137105432613980e+01
4.043005682623914e+00
3.506282753756088e+00
1.757964398045585e+01
1.376512243093647e+01
1.280679720659847e+01
1.495847029637408e+01
3.606325254770348e+00
1.329612124084706e+01
1.624779890098067e+01
1.097570340056797e+01
2.147347263559373e+01
2.755258697602696e+01
2.254345317310269e+01
3.253932691123654e+01
1.287309076075394e+01
2.831910391817713e+01
4.413621268882428e+00
1.147808514792750e+01
2.730475072105122e+01
1.340891339271525e+01
9.073739820683414e+00
8.601959507616414e+00
1.344715913742412e+01
1.765196581775483e+01
8.628596716427111e+00
5.020040991284269e+01
7.784687501756819e+00
1.246251543305913e+01
7.324307476696134e+00
1.109556035990981e+01
9.244515730544157e+00
4.458847249819542e+00
9.876947026516120e+00
2.706069435090027e+01
1.119578078033893e+01
8.655137864603677e+00
2.020311940901133e+01
2.199788607297225e+01
4.855427684157230e+00
2.011069642953742e+01
1.274166409285156e+01
6.901616449032473e+00
3.386485300545816e+01
4.103192755700688e+01
9.741934632723996e+00
7.573309012523452e+00
1.294056050631240e+01
4.964587702393535e+01
8.760354233451269e+00
4.059727000475390e+01
1.290667761541720e+01
7.844011051943176e+00
1.516580193665691e+01
4.802511229991755e+01
1.188587037289887e+01
8.274585942370292e+00
6.732700996889893e+00
1.606575474335679e+01
7.066939889476077e+00
9.588215369407143e+00
9.263533989634595e+00
1.166091875316760e+01
3.754305087249327e+00
5.459815003314424e+01
1.612594975472013e+01
1.490768594581684e+01
2.912085808679798e+01
1.075709297487556e+01
1.537999127645708e+01
4.376451435744925e+01
5.249234219328930e+01
9.168529616106069e+00
3.174775373843401e+01
9.339695042453773e+00
1.588804528155886e+01
5.161882753626136e+01
4.621295973060433e+01
1.042200342308943e+01
4.697942544737712e+01
1.470865345463103e+01
2.412117188730574e+01
1.565767906888283e+01
6.129630642940761e+00
1.048089995162688e+01
2.534769348812691e+01
9.993059584428874e+00
2.612164671913078e+01
1.554525453848201e+01
6.239442734082747e+00
8.385327079507046e+00
1.772486400589431e+01
2.742819435216274e+01
9.684218266870973e+00
4.646677387398515e+01
5.429141543830822e+01
4.812268817942428e+00
1.267767591491675e+01
2.567401779063467e+01
5.477402311583019e+00
8.162169925698919e+00
3.473138882806418e+01
1.249242954932983e+01
8.548394388723583e+00
1.067795165540057e+01
2.881436419246761e+00
6.968169462518907e+00
1.024590487381841e+01
2.845025673952480e+01
7.196699764995363e+00
1.848653251823680e+01
2.646688464675746e+01
8.076731366919608e+00
1.055958478299206e+01
9.626588095173137e+00
1.137697248013134e+01
5.109823589971374e+00
1.825166359005571e+01
3.562819072299278e+01
9.225506200075460e+00
1.506129122516804e+01
7.542625178050147e+00
4.424139331420265e+01
1.957122832452634e+01
6.055575891704279e+00
9.780460593788273e+00
2.157670361285417e+01
1.133661819898921e+01
5.368390065924613e+01
1.190640344108758e+01
2.421864180266246e+01
3.094548357457749e+00
5.133143117410562e+01
1.779834294315696e+01
9.473321389514297e+00
4.855831636241476e+01
4.521421014055019e+01
1.480735458539604e+01
8.915400501471902e+00
3.693618776735186e+01
7.292603926721104e+00
7.990305167187227e+00
7.902870914933060e+00
1.307909283603979e+01
5.635646685544370e+00
3.556444617385199e+00
3.850888648465479e+01
9.530726620442310e+00
3.352652933675598e+01
1.809815552914590e+01
1.028496217046886e+01
1.300922244538974e+01
4.496859937976456e+01
9.415998678595040e+00
3.270100394244287e+01
2.431696455364330e+01
5.234172297082336e+00
7.961273446177254e+00
3.751603348520133e+01
1.840762231917005e+01
5.752348672866838e+00
9.838322860467025e+00
9.035882969234883e+00
3.405105024904418e+00
1.164055044775211e+01
7.480883680088453e+00
2.189133833516486e+01
1.115565520142398e+01
1.675518818791961e+01
8.467310365584138e+00
1.121586239592803e+01
5.356683625672102e+00
1.145783651248899e+01
5.905386093484045e+00
5.943196999121671e+00
1.217462264730687e+01
9.973682264850654e+00
2.827372794769613e+00
1.729603352460927e+01
6.166402695315717e+00
3.712816511142341e+01
1.356387290660773e+01
4.137157706819179e+00
1.005125276884770e+01
6.664098778571482e+00
9.454204699516925e+00
8.494437414451795e+00
6.383542567031347e+00
2.767793267796170e+01
3.581125729119752e+01
8.330163079725313e+00
5.067957771798761e+00
1.325916484910807e+01
1.465990698336899e+01
1.157952613331703e+01
3.147055303560607e+00
1.931093201252135e+01
2.461707596409069e+01
3.128605139963167e+01
1.127618303136427e+01
1.437570713892570e+01
2.077325129491305e+01
1.202989732865943e+01
9.934958011078830e+00
8.812402004370183e+00
3.041735880679225e+00
8.838287880611624e+00
4.909854210100634e+01
5.556906973180470e+00
7.449824242387543e+00
3.803085949673630e+00
5.713633685678804e+00
9.915611001198567e+00
5.190810361560805e+01
2.029627518352082e+01
2.451617896700674e+01
1.174252741144369e+01
2.925797798408741e+01
2.299572305971239e+01
7.634307226581068e+00
1.243287083636137e+01
7.664623331642803e+00
3.455837090862973e+00
1.123595661603788e+01
4.725283418750482e+00
3.851598004570888e+00
1.105555901480022e+01
1.022639225742957e+01
2.126944219653319e+01
6.834488785888438e+00
5.275211320904659e+00
1.368359962444824e+01
3.068558295325340e+01
3.830763588723888e+01
8.218590109873372e+00
2.322728921961747e+01
2.471883646588617e+01
