8.686433432510054e-03
6.540473991997227e-03
9.443931466091989e-03
9.209329366300603e-03
2.257681660899698e-02
6.095892753325520e-03
9.125542902088404e-03
8.609486679661708e-03
7.985363017680276e-03
6.514825074382541e-03
6.489176156765876e-03
2.795674740484484e-02
5.941999247632370e-03
7.703224923907844e-03
8.694983071713961e-03
7.574980335829468e-03
1.095208782189435e-02
8.105057966554658e-03
9.360145001880781e-03
2.731349480968912e-02
1.048288362231098e-02
2.953564013840888e-02
5.950548886836694e-03
2.719653979238729e-02
2.503287197231665e-02
6.848261003386371e-03
7.669026367086946e-03
9.427174173249748e-03
1.046612632946761e-02
2.672871972318159e-02
2.380484429065791e-02
6.822612085769656e-03
7.754522759139196e-03
8.924455387981525e-03
8.233302554633367e-03
7.831469511986221e-03
6.164289866967321e-03
6.908108477821908e-03
2.427266435986137e-02
6.779863889743531e-03
8.703532710919185e-03
7.976813378476260e-03
2.591003460207664e-02
9.963407544201486e-03
9.293115830512316e-03
8.857426216614010e-03
3.012041522491408e-02
2.778131487889328e-02
6.814062446564430e-03
2.152422145328762e-02
6.531924352792002e-03
7.908416264833247e-03
6.711466776102749e-03
5.933449608427144e-03
2.965259515570906e-02
6.634520023254703e-03
7.882767347217573e-03
7.327040798877939e-03
8.070859409732525e-03
8.874183509455770e-03
2.222595155709257e-02
2.544221453287247e-02
7.797270955165322e-03
2.398027681660947e-02
8.592387401251258e-03
1.006395130125494e-02
6.343832290277050e-03
1.066721384357449e-02
8.287678259977305e-03
8.656338702507095e-03
1.028179610820408e-02
2.386332179930635e-02
7.951164460859375e-03
2.561764705882254e-02
2.737197231833964e-02
2.573460207612432e-02
6.395130125509614e-03
2.766435986159224e-02
9.041756437878183e-03
6.429328682329300e-03
2.976955017300923e-02
1.026503881536184e-02
6.745665332922630e-03
8.763380185355761e-03
7.198796210799561e-03
9.544475223145440e-03
7.352689716495010e-03
8.036660852913151e-03
2.210899653979218e-02
7.523682500598116e-03
2.456505190311325e-02
1.023152422967736e-02
8.712082350124412e-03
8.388222017030756e-03
2.608546712802744e-02
8.139256523374636e-03
7.027803426696127e-03
2.807370242214588e-02
2.772283737024276e-02
8.669334154098284e-03
2.392179930795686e-02
8.113607605759883e-03
6.463527239151182e-03
9.762320030094584e-03
9.142300194931636e-03
9.846106494305795e-03
8.199103997810903e-03
9.862863787148034e-03
1.008070859409718e-02
1.056667008652104e-02
1.078451489347016e-02
2.181660899653959e-02
8.421736602715240e-03
6.933757395437582e-03
1.034882527957305e-02
1.070072842926012e-02
6.993604869874159e-03
2.783979238754299e-02
8.310249307480092e-03
2.661176470588288e-02
2.819065743944692e-02
8.549639205226757e-03
6.292534455045698e-03
8.737731267741746e-03
8.773639752402321e-03
7.232994767620463e-03
9.594747101672685e-03
6.207038062993448e-03
8.293150029068379e-03
8.472692452378108e-03
8.572552238295417e-03
6.104442392530746e-03
7.840019151191445e-03
7.044902705105510e-03
6.608871105639028e-03
9.879621079990814e-03
2.626089965397975e-02
8.087958688142976e-03
7.891316986422797e-03
1.586027525519178e-02
7.062001983515960e-03
7.207345850004786e-03
8.652234875687835e-03
8.522280359768691e-03
3.035432525951617e-02
7.626278171060819e-03
7.480934304571992e-03
8.941212680824734e-03
6.249786259019572e-03
9.393659587565772e-03
7.215895489211108e-03
6.574672548819376e-03
8.241852193837031e-03
8.156355801784778e-03
8.404295338736305e-03
2.310311418685167e-02
8.626585958073796e-03
6.283984815840474e-03
2.865847750865025e-02
1.096884511473599e-02
1.088505865052478e-02
7.147498375568211e-03
8.746280906945313e-03
6.155740227762096e-03
1.061694196504891e-02
7.925515543244901e-03
8.720631989329635e-03
7.728873841524988e-03
8.318798946684056e-03
6.258335898225985e-03
2.339550173010427e-02
2.093944636678242e-02
2.403875432525999e-02
2.930173010380425e-02
7.344140077289783e-03
1.024828152251960e-02
8.600937040456481e-03
7.472384665368184e-03
2.245986159169399e-02
6.805512807359206e-03
7.916965904039676e-03
7.942614821654450e-03
7.301391881262264e-03
8.147806162579862e-03
6.600321466433803e-03
6.130091310147351e-03
6.950856673848032e-03
6.720016415306956e-03
8.589309531137658e-03
2.620242214532771e-02
2.438961937716311e-02
2.988650519031374e-02
9.326630416196295e-03
8.254163674293269e-03
2.333702422145239e-02
6.061694196504618e-03
8.489791730789845e-03
8.723367873875593e-03
6.053144557299394e-03
8.754830546150536e-03
2.205051903114038e-02
6.472076878355671e-03
7.429636469340641e-03
8.130706884169100e-03
6.078793474916223e-03
9.728805444410101e-03
2.479896193771675e-02
3.023737024221513e-02
8.488765774084209e-03
2.848304498269952e-02
8.974727266510680e-03
2.076401384082905e-02
7.822919872780996e-03
7.113299818747311e-03
8.395745699531082e-03
2.251833910034581e-02
2.871695501730160e-02
2.520830449827040e-02
2.579307958477485e-02
2.532525951556923e-02
8.447043534762432e-03
1.100235970042048e-02
7.498033582982442e-03
7.814370233575771e-03
8.506891009199009e-03
8.729181628536519e-03
6.335282651071824e-03
7.805820594370547e-03
6.549023631202452e-03
8.270920967135064e-03
1.085154406484089e-02
6.189938784584172e-03
9.745562737252342e-03
9.024999145034966e-03
2.801522491349535e-02
2.895086505190284e-02
2.368788927335687e-02
6.566122909612901e-03
8.096508327348199e-03
1.033206798673081e-02
1.068397113641673e-02
2.199204152249178e-02
7.617728531855594e-03
2.088096885813190e-02
2.830761245674550e-02
1.049964091515493e-02
7.386888273314515e-03
2.631937716263027e-02
8.019561574501174e-03
7.096200540336862e-03
2.789826989619189e-02
8.053760131322077e-03
8.790397045244560e-03
1.086830135768254e-02
8.438493895557207e-03
6.044594918094169e-03
1.009746588693997e-02
9.779077322937356e-03
6.754214972127854e-03
8.890940802298013e-03
2.082249134948138e-02
7.002154509079384e-03
2.906782006920303e-02
8.635135597277386e-03
6.181389145377770e-03
9.695290858726143e-03
9.812591908621309e-03
6.420779043124075e-03
7.643377449471268e-03
8.182004719400454e-03
8.412844977941529e-03
6.737115693717405e-03
7.763072398344421e-03
6.899558838617993e-03
9.376902294723530e-03
2.842456747404900e-02
7.395437912520864e-03
2.099792387543233e-02
6.437878321534524e-03
2.702110726643651e-02
9.678533565883900e-03
9.008241852192726e-03
7.592079614241071e-03
8.515440648404232e-03
1.038233986525640e-02
9.477446051776988e-03
1.103587428610556e-02
1.090181594336703e-02
7.968263739271035e-03
7.899866625628022e-03
2.877543252595212e-02
9.058513730720426e-03
8.957969973668435e-03
8.370096781915406e-03
8.190554358605679e-03
8.062309770527302e-03
9.896378372833057e-03
8.361547142711766e-03
6.916658117027134e-03
6.660168940870379e-03
6.873909921001006e-03
1.039909715810147e-02
7.446735747751090e-03
8.421394617148355e-03
2.941868512110785e-02
2.345397923875479e-02
2.468200692041499e-02
1.065045655073513e-02
6.617420744844253e-03
2.316159169550017e-02
2.474048442906623e-02
6.771314250539591e-03
7.267193324442743e-03
6.172839506172546e-03
7.557881057419018e-03
8.011011935295950e-03
1.044936903662650e-02
2.550069204152300e-02
8.002462296090723e-03
8.216203276221353e-03
8.481242091583331e-03
6.001846722069183e-03
9.242843951985087e-03
7.686125645497395e-03
9.510960637460958e-03
2.158269896193814e-02
7.164597653980021e-03
8.122157244963877e-03
2.912629757785525e-02
7.438186108545865e-03
8.907698095139284e-03
8.740125166719254e-03
6.378030847097949e-03
2.707958477508704e-02
8.673095995348868e-03
2.982802768166148e-02
2.269377162629802e-02
3.047128027681455e-02
7.865668068807122e-03
2.713806228373677e-02
7.284292602851815e-03
6.010396361274409e-03
2.667024221453340e-02
8.583837762046034e-03
7.660476727883173e-03
2.690415224913392e-02
5.890701412401235e-03
2.813217993079640e-02
1.043261174378426e-02
2.415570934256103e-02
6.121541670942126e-03
5.924899969221017e-03
9.913135665674762e-03
8.660784514893060e-03
6.112992031735970e-03
9.159057487773877e-03
5.856502855579216e-03
8.258951472247479e-03
7.019253787489833e-03
5.882151773196008e-03
3.029584775086565e-02
7.463835026162958e-03
9.108785609246165e-03
7.121849457952536e-03
6.241236619814346e-03
9.712048151567860e-03
7.292842242057039e-03
2.169965397923918e-02
8.354707431346725e-03
1.016449505830839e-02
8.606066823979901e-03
2.240138408304542e-02
9.577989808830442e-03
2.614394463667871e-02
8.352997503506539e-03
2.374636678200877e-02
7.600629253445144e-03
2.228442906574438e-02
6.232686980609122e-03
7.549331418213794e-03
2.926114017988302e-03
1.080127218631357e-02
8.643685236482609e-03
2.485743944636727e-02
8.304435552819546e-03
2.351245674740531e-02
2.304463667820248e-02
2.748892733564068e-02
2.514982698961987e-02
1.029855340104688e-02
1.058342737936328e-02
2.164117647058866e-02
8.575288122840809e-03
8.523990287609456e-03
6.318183372662333e-03
6.591771827228579e-03
6.967955952259806e-03
2.146574394463523e-02
2.649480968858107e-02
9.645018980198893e-03
1.060018467220667e-02
2.450657439446415e-02
2.555916955017352e-02
2.585155709342611e-02
6.694367497691278e-03
8.541089566021530e-03
2.123183391003502e-02
9.829349201463552e-03
2.696262975778600e-02
8.823911630929045e-03
2.187508650519074e-02
9.527717930303197e-03
8.481584077151674e-03
2.918477508650746e-02
1.031531069388912e-02
2.409723183391051e-02
8.335898225094503e-03
1.021476693683567e-02
6.583222188024603e-03
7.309941520467489e-03
8.321192845661789e-03
7.532232139804772e-03
9.092028316406391e-03
7.369788994904065e-03
7.788721315961279e-03
6.651619301666164e-03
2.509134948096935e-02
8.555794945453638e-03
2.298615916955063e-02
2.070553633217974e-02
8.991484559351462e-03
9.946650251359244e-03
1.093533052905210e-02
9.980164837043729e-03
6.677268219281083e-03
2.760588235293931e-02
6.360931568687498e-03
7.361239355698840e-03
7.258643685236137e-03
8.164905440991244e-03
2.725501730103860e-02
1.013098047262391e-02
8.532539926814683e-03
7.079101261927755e-03
8.028111213706399e-03
7.780171676756053e-03
2.433114186851047e-02
1.073424301494636e-02
6.070243835710996e-03
5.976197804452367e-03
9.996922129886513e-03
8.840668923772724e-03
8.404979309872999e-03
9.276358537670074e-03
5.993297082862817e-03
8.639581409664854e-03
9.661776273041132e-03
8.173455080196469e-03
1.075100030778686e-02
2.286920415224892e-02
1.091857323620927e-02
2.491591695501780e-02
8.438493895557940e-03
2.322006920415203e-02
6.138640949351647e-03
8.387196060325855e-03
2.275224913494723e-02
8.689853288191111e-03
7.335590438083163e-03
7.173147293183888e-03
8.706610581032405e-03
1.001367942272876e-02
7.181696932389113e-03
2.971107266435786e-02
6.925207756232358e-03
8.220649088608336e-03
6.796963168153982e-03
8.224752915428141e-03
7.412537190930192e-03
6.147190588556872e-03
7.694675284702620e-03
2.263529411764750e-02
8.267501111452705e-03
7.190246571594337e-03
1.053315550083771e-02
1.083478677199865e-02
6.224137341403898e-03
1.051639820799604e-02
8.371464724188515e-03
6.685817858486308e-03
2.538373702422122e-02
2.754740484429040e-02
7.634827810266044e-03
6.865360281795782e-03
8.472008481241966e-03
2.959411764705941e-02
7.224445128416334e-03
2.743044982698857e-02
8.455251188400181e-03
6.942307034642808e-03
9.343387709038538e-03
2.924325259515628e-02
8.558188844430360e-03
7.070551622721184e-03
6.643069662460937e-03
9.611504394514407e-03
6.728566054512180e-03
7.566430696624243e-03
7.421086830135416e-03
8.464142813172881e-03
6.018946000478495e-03
1.527949826989738e-02
9.628261687356650e-03
9.259601244827328e-03
2.357093425605514e-02
8.079409048937752e-03
9.410416880407505e-03
2.824913494809662e-02
3.017889273356636e-02
7.378338634109289e-03
2.462352941176305e-02
7.455285386956315e-03
9.561232515987683e-03
3.000346020761043e-02
2.883391003460264e-02
7.934065182449225e-03
2.900934256055167e-02
9.192572073459858e-03
2.105640138408162e-02
9.494203344619230e-03
6.497725795971101e-03
7.959714100064599e-03
2.175813148788781e-02
7.745973119933971e-03
2.216747404844334e-02
9.460688758934230e-03
6.523374713586778e-03
7.104750179542086e-03
1.003043671557045e-02
2.281072664359907e-02
7.609178892650370e-03
2.889238754325317e-02
3.052975778546773e-02
6.215587702198672e-03
8.337950138504482e-03
2.193356401384126e-02
6.352381929482274e-03
7.036353065901352e-03
2.567612456747456e-02
8.237406381451026e-03
7.156048014774795e-03
8.045210492118378e-03
5.873602133989665e-03
6.702917136897522e-03
7.857118429603387e-03
2.327854671280322e-02
6.762764611334364e-03
1.019800964399343e-02
2.234290657439620e-02
7.010704148284608e-03
7.993912656885500e-03
7.583529975035846e-03
8.344447864299729e-03
6.275435176635249e-03
1.014773776546615e-02
2.596851211072716e-02
7.403987551726090e-03
9.309873123354056e-03
6.856810642590557e-03
2.836608996539848e-02
1.041585445094371e-02
6.480626517560897e-03
7.651927088677947e-03
1.076775760062793e-02
8.327348585889280e-03
3.041280276816404e-02
8.566738483635584e-03
2.111487889273398e-02
5.907800690810567e-03
2.994498269896253e-02
1.004719400841270e-02
7.515132861392892e-03
2.936020761245477e-02
2.859999999999807e-02
9.226086659141847e-03
7.275742963647970e-03
2.637785467128080e-02
6.788413528948756e-03
6.985055230668934e-03
6.959406313054580e-03
8.539037652611397e-03
6.386580486304387e-03
5.984747443657592e-03
2.684567474048496e-02
7.540781779009999e-03
2.526678200692092e-02
1.011422317978221e-02
7.874217708012349e-03
8.505523066926448e-03
2.854152249135004e-02
7.489483943777218e-03
2.497439446366759e-02
2.117335640138450e-02
6.301084094250923e-03
6.976505591463710e-03
2.655328719723236e-02
1.018125235115063e-02
6.412229403918850e-03
7.677576006292170e-03
7.318491159672714e-03
5.959098526041919e-03
8.455593173967657e-03
6.839711364181145e-03
1.081802947915582e-02
8.250401833042254e-03
9.795834615779599e-03
7.130399097157760e-03
8.276050750657928e-03
6.326733011867559e-03
8.378646421120631e-03
6.446427960739749e-03
6.454977599945956e-03
8.677883793304829e-03
7.737423480728747e-03
5.865052494784441e-03
9.929892958517003e-03
6.506275435177315e-03
2.643633217993055e-02
8.756882459560552e-03
6.087343114120296e-03
7.771622037549646e-03
6.625970384049478e-03
7.506583222187667e-03
7.138948736362985e-03
6.557573270407677e-03
2.292768166089811e-02
2.602698961937541e-02
7.087650901132982e-03
6.266885537431212e-03
8.622824116822142e-03
9.175814780616617e-03
8.429944256353582e-03
5.916350330015792e-03
1.036558257241416e-02
2.134878892733606e-02
2.444809688581505e-02
8.301699668274865e-03
9.075271023564146e-03
1.063369925789289e-02
8.618036318868569e-03
7.720324202319761e-03
7.241544406825689e-03
5.899251051605343e-03
7.250094046030913e-03
2.947716262976008e-02
6.369481207892724e-03
6.831161724974880e-03
6.027495639683720e-03
6.403679764713626e-03
7.711774563113069e-03
3.006193771626095e-02
1.054991279367995e-02
2.129031141868554e-02
8.498341369995072e-03
2.362941176470429e-02
1.098560240757824e-02
6.882459560206231e-03
8.203891795766097e-03
6.891009199412766e-03
5.967648165247143e-03
8.284600389863152e-03
6.198488423789398e-03
6.036045278888944e-03
8.207653637016126e-03
7.848568790398162e-03
1.071748572210411e-02
6.668718580075604e-03
6.309633733456149e-03
8.807154338085845e-03
2.421418685121155e-02
2.678719723183366e-02
7.053452344310734e-03
1.101911699326272e-02
2.140726643598596e-02
