7.194894818342488e-01
1.860697085326678e-01
8.235517320864891e-01
8.018502745457711e-01
1.154561257930054e+00
-1.155578819543717e-01
7.945945176950335e-01
7.119785470881697e-01
6.303212283715562e-01
1.716220409059999e-01
1.568568583121547e-01
1.627190208688146e+00
-2.506801895713938e-01
5.816598000924764e-01
7.202885812261843e-01
5.571976451197098e-01
1.033437739197054e+00
6.487899781257828e-01
8.155558463150566e-01
1.552489053847253e+00
9.518110601774108e-01
1.836882256099853e+00
-2.426689562559505e-01
1.539521982459124e+00
1.330588762185845e+00
3.371761780705411e-01
5.752784403743298e-01
8.219298059118547e-01
9.492194493742597e-01
1.489468191381893e+00
1.235303771303048e+00
3.260167628402489e-01
5.910373552210997e-01
7.781377674458064e-01
6.671163911712455e-01
6.046640132242980e-01
-6.122645989232907e-02
3.623052854671969e-01
1.269796543668165e+00
3.068787520317294e-01
7.210805684087520e-01
6.289520298045805e-01
1.408538671812246e+00
8.801756292501054e-01
8.093586316111643e-01
7.729314216721670e-01
1.925020197849136e+00
1.606238058651501e+00
3.222435861417722e-01
1.095758917307531e+00
1.812886344821943e-01
6.177598584527597e-01
2.748001625770591e-01
-2.587543205090495e-01
1.854029549030701e+00
2.364458994975059e-01
6.134537806438266e-01
5.058295424983171e-01
6.436469145386674e-01
7.742205978576158e-01
1.133942266040304e+00
1.365884907720933e+00
5.986730378685526e-01
1.247986607159875e+00
7.102317301098057e-01
8.927348177860325e-01
6.680529374373322e-02
9.817172298386365e-01
7.333962722465656e-01
7.580707893331592e-01
9.220174611085133e-01
1.239498217028814e+00
6.248046190493844e-01
1.381585096404949e+00
1.559042131824090e+00
1.392247401179072e+00
9.987460693579599e-02
1.592514158022007e+00
7.875789171643277e-01
1.211263983510367e-01
1.871414005438899e+00
9.196587250001131e-01
2.910687535789043e-01
7.264248180303228e-01
4.680088211784989e-01
8.335308105600452e-01
5.113900958667544e-01
6.383967055924519e-01
1.127299340568023e+00
5.470081804634357e-01
1.292466636464074e+00
9.149959736071372e-01
7.218654372258604e-01
7.398302810104660e-01
1.425192882727831e+00
6.538255578147641e-01
4.089551421913415e-01
1.641405975172553e+00
1.599351884426036e+00
7.178699709802282e-01
1.243725768587883e+00
6.500589629490441e-01
1.417664823051765e-01
8.567046880650220e-01
7.960260648420318e-01
8.662278587278304e-01
6.623781608353005e-01
8.681756294795765e-01
8.948845780317015e-01
9.650812489457917e-01
1.002161192572130e+00
1.111184385703361e+00
7.420214404567015e-01
3.726971013106205e-01
9.316386931092157e-01
9.874418819857204e-01
3.960980743765927e-01
1.613172973702331e+00
6.773791504470384e-01
1.477397716302635e+00
1.655822692805822e+00
7.057416033299976e-01
3.224140108511509e-02
7.241772717235179e-01
7.666057179925537e-01
4.788376493709957e-01
8.386846648084770e-01
-2.889829876958707e-02
6.751463337362205e-01
6.972182666615486e-01
7.521897576341170e-01
-1.085847439079769e-01
6.061453865397487e-01
4.152474507913200e-01
2.231004384692693e-01
8.701380931761432e-01
1.442216419610423e+00
6.462318605954538e-01
6.148957298736264e-01
1.053455339127398e+00
4.214506103118302e-01
4.707452845967263e-01
7.162220848302356e-01
7.487425098107867e-01
1.961998922757650e+00
5.671564197333822e-01
5.383414676248909e-01
7.794603335600117e-01
2.240952276383208e-03
8.187202981728232e-01
4.734621574003799e-01
2.048521888782242e-01
6.682839657887759e-01
6.563029346376200e-01
6.891687735365579e-01
1.187488579778216e+00
7.136971585576426e-01
2.633010244875360e-02
1.715548677782627e+00
1.036706685257483e+00
1.020623393440341e+00
4.511712231005002e-01
7.249336052509844e-01
-6.783937190789176e-02
9.732998604135682e-01
6.205975934493341e-01
7.226431815080980e-01
5.863778012318008e-01
6.784852889269217e-01
8.330591411749551e-03
1.206854681950589e+00
1.066910118375495e+00
1.252280915306049e+00
1.803287510843256e+00
5.095428606296806e-01
9.173182839828740e-01
7.111086612801291e-01
5.365890361467130e-01
1.147572046470270e+00
3.184433966642270e-01
6.191820276845674e-01
6.234088942311579e-01
4.995814196429092e-01
6.550676184386895e-01
2.185875545783241e-01
-8.798051542360875e-02
3.795026085459884e-01
2.789110574410392e-01
7.533521942042180e-01
1.436500471189984e+00
1.278760024802398e+00
1.889038588778331e+00
8.124355774649965e-01
7.312962098494727e-01
1.202918723615613e+00
-1.439884496810041e-01
6.991611885124517e-01
7.629033624476261e-01
-1.512330408821247e-01
7.256827894320848e-01
1.124020362843657e+00
1.468332240889564e-01
5.277316875874157e-01
6.525767581269953e-01
-1.296645930976847e-01
8.529936030717362e-01
1.311238283108642e+00
1.943383359928293e+00
7.464769630096597e-01
1.692759837842070e+00
7.821312694178698e-01
1.058761253854793e+00
6.031760867299620e-01
4.395373154758606e-01
6.881314289342825e-01
1.151052000956361e+00
1.723251309721394e+00
1.345489419194290e+00
1.397637886523484e+00
1.355611024226922e+00
6.942517229738893e-01
1.043324645273342e+00
5.418272555406077e-01
6.016816120311027e-01
7.010762368505425e-01
7.234137950727002e-01
6.115045711416226e-02
6.001805940923324e-01
1.908163322325335e-01
7.323435342405528e-01
1.014369874585881e+00
-4.168399305295501e-02
8.548422629424984e-01
7.862035520673155e-01
1.634273125063628e+00
1.754602356330886e+00
1.227013479493260e+00
2.002073063654151e-01
6.475142755725919e-01
9.292051048632254e-01
9.845681141033448e-01
1.120769518752177e+00
5.655126873181431e-01
1.064168340450957e+00
1.670442815539176e+00
9.544232321579572e-01
5.187161064401751e-01
1.447974128144193e+00
6.357315266447404e-01
4.335943521038105e-01
1.620156924658243e+00
6.410351821853860e-01
7.678551218121449e-01
1.017484018042839e+00
6.932489886993963e-01
-1.585334101054621e-01
8.970508960076025e-01
8.585810078888406e-01
2.950637128311884e-01
7.755179886792383e-01
1.061452091895080e+00
3.993467947735732e-01
1.770606870565086e+00
7.145458721567516e-01
-4.814920149052448e-02
8.493370662771487e-01
8.623758544959952e-01
1.158715769045991e-01
5.704245705833388e-01
6.599683629056221e-01
6.901992075429056e-01
2.870451348816371e-01
5.925775288836173e-01
3.587916960510426e-01
8.171324951176556e-01
1.685268832071013e+00
5.205318539463258e-01
1.069677545571254e+00
1.263429921685491e-01
1.520414963085829e+00
8.475289354154383e-01
7.848372178251404e-01
5.605429190981501e-01
7.020232938290804e-01
9.365634561268129e-01
8.268304890203468e-01
1.050050951898623e+00
1.023788225538078e+00
6.275761919663890e-01
6.163310908278435e-01
1.731007662202902e+00
7.889634070725395e-01
7.807914706601046e-01
6.849779885954574e-01
6.611766475697369e-01
6.423443940164919e-01
8.721153865429148e-01
6.839130585924859e-01
3.657939312606741e-01
2.495067290376714e-01
3.480994635943532e-01
9.390549778888836e-01
5.312936468897683e-01
6.912227252307329e-01
1.819969204097048e+00
1.210822345476066e+00
1.301780916884596e+00
9.788890264991943e-01
2.275809582376196e-01
1.191299395305299e+00
1.306491613817342e+00
3.029685022836158e-01
4.893591841790296e-01
-5.466321424163586e-02
5.538267390061004e-01
6.343889368301268e-01
9.466482166066286e-01
1.371079500639590e+00
6.330396870563084e-01
6.647608514453563e-01
6.981932088577202e-01
-1.958899709184953e-01
8.048225931835293e-01
5.784820600669562e-01
8.301565418984584e-01
1.098789666291432e+00
4.568644248734528e-01
6.513212247254294e-01
1.778692561774877e+00
5.295158341658667e-01
7.768236822851060e-01
7.641299219615095e-01
8.901300702396482e-02
1.526738521155412e+00
7.592680461751327e-01
1.880196094413740e+00
1.161668286454162e+00
1.980870062601551e+00
6.105501375221351e-01
1.533107437270898e+00
4.945072253461124e-01
-1.883029476065214e-01
1.483411196836179e+00
7.093477595759659e-01
5.736669376818646e-01
1.507902846577273e+00
-3.000895270708370e-01
1.648589062532754e+00
9.440971802580872e-01
1.260970677522579e+00
-9.479652754415942e-02
-2.668919442092583e-01
8.741076473855106e-01
7.170495717640136e-01
-1.016644489685067e-01
7.974673149283407e-01
-3.343525489209567e-01
6.705986971048969e-01
4.057751687549458e-01
-3.085538008807707e-01
1.952659393763524e+00
5.348302524669328e-01
7.931725753881773e-01
4.424770807884078e-01
-3.894230319827274e-03
8.511585800030729e-01
4.970534931405369e-01
1.104932413840650e+00
7.376627467898300e-01
9.058847961609746e-01
7.545214370300677e-01
1.144121244204640e+00
8.369542288422346e-01
1.430826039455287e+00
6.828412464246594e-01
1.231142251604612e+00
5.622059322626304e-01
1.137306501266307e+00
-1.007534825231804e-02
5.521316856403892e-01
-3.430896295331746e-01
1.005176617292374e+00
7.153875162688664e-01
1.316021127539794e+00
7.344544928411832e-01
1.214821884600615e+00
1.183708636933412e+00
1.572288766557601e+00
1.340485180331061e+00
9.243946581113932e-01
9.677990284150697e-01
1.101847454171806e+00
7.084567556644775e-01
7.029633648564699e-01
4.971487452813290e-02
2.140420549101051e-01
3.862118296141276e-01
1.092755075439740e+00
1.465500275168387e+00
8.439523212186428e-01
9.705385008180297e-01
1.287862654881390e+00
1.376312822487992e+00
1.403068232931336e+00
2.664895541994079e-01
7.048225255097536e-01
1.081006182123319e+00
8.642946452653304e-01
1.514136493957796e+00
7.703773636971162e-01
1.114351669289757e+00
8.318375912226821e-01
7.271596847956892e-01
1.786834334002987e+00
9.267904831792168e-01
1.256608876977359e+00
6.806769981827623e-01
9.126916307635630e-01
2.094636852672475e-01
5.020911240028481e-01
7.355182654563494e-01
5.487224016999979e-01
7.917601405285738e-01
5.150656962344495e-01
5.971589483049918e-01
2.451843419094114e-01
1.335518365320792e+00
7.510340494916350e-01
1.179959404125274e+00
1.056095708521712e+00
7.834798211502453e-01
8.781376281851850e-01
1.030195168708683e+00
8.822291600281844e-01
2.580590203404616e-01
1.585724588497985e+00
7.799079504956570e-02
5.132310425674571e-01
4.867571673714105e-01
6.575315010392647e-01
1.545982429681679e+00
9.014338128720982e-01
7.038964440488578e-01
4.275658436866983e-01
6.370674513018247e-01
5.956383303372433e-01
1.274260987029247e+00
9.932588880823008e-01
-1.367991329753682e-01
-2.190067978080369e-01
8.842983638865998e-01
7.716503725918317e-01
7.409228715099250e-01
8.078361395126048e-01
-2.035359212974292e-01
7.568806554268724e-01
8.457340619108871e-01
6.587533122601577e-01
9.962025404436506e-01
1.172552424372902e+00
1.026978741058858e+00
1.320840351401816e+00
7.431260605972579e-01
1.195141247436029e+00
-8.121595370080047e-02
6.870871794465016e-01
1.165266364603823e+00
7.604725064878189e-01
5.076893413460747e-01
4.596805718764072e-01
7.616842513617184e-01
8.863833853377291e-01
4.624765975027074e-01
1.862691947549278e+00
3.692578111749252e-01
7.292175282867489e-01
3.146159954112004e-01
6.659420178987299e-01
5.241444111262408e-01
-7.450238870096890e-02
5.800741674484635e-01
1.158099968866258e+00
6.717458427976510e-01
4.652526361826640e-01
9.597099999381553e-01
1.011280740253022e+00
-1.630279776905262e-02
9.570561499985564e-01
7.387435966970946e-01
2.622893916083425e-01
1.360728822217057e+00
1.578982886961833e+00
5.687937157417600e-01
3.444842887350719e-01
7.453537478959457e-01
1.845426440742342e+00
4.761595694210884e-01
1.565641942452520e+00
7.442368051673188e-01
3.761119761441684e-01
8.139902430634244e-01
1.795032533975258e+00
7.066536715877263e-01
4.245191421891322e-01
2.408308118619388e-01
8.404277448477863e-01
2.829926418356133e-01
5.555153937293018e-01
5.259412117212321e-01
6.962363677451020e-01
-1.807743108510570e-01
2.000000000000000e+00
8.421835897468914e-01
8.063241613663991e-01
1.218853471052383e+00
6.449427384894243e-01
8.203193649935511e-01
1.663107173810999e+00
1.934170425597914e+00
5.168940523628471e-01
1.297105991029798e+00
5.330651211843676e-01
8.352363170796698e-01
1.906906303949461e+00
1.738818065409681e+00
6.220065506629631e-01
1.762576916057672e+00
8.003793198859680e-01
1.072470742995134e+00
8.284875463013973e-01
1.618143343655078e-01
6.261937200028348e-01
1.108044679307163e+00
5.894906728011925e-01
1.130606593915544e+00
8.251852555107475e-01
1.764728371772240e-01
4.365764539943623e-01
8.884843700503872e-01
1.168894358452809e+00
5.638625232471323e-01
1.746682851841571e+00
1.990402478577102e+00
-2.257697955033401e-02
7.365876599860006e-01
1.117546667461101e+00
7.241862514203860e-02
4.121125174222036e-01
1.386896547163114e+00
7.302542305542461e-01
4.540280208829046e-01
6.397192842970542e-01
-3.170852953907670e-01
2.706597359763575e-01
6.090884536875735e-01
1.199014301374677e+00
2.990302254709356e-01
9.104050936699291e-01
1.140699445093630e+00
4.025724393490219e-01
6.316837825110427e-01
5.588734884784766e-01
6.817625577420505e-01
2.037478529128052e-02
9.036507186999666e-01
1.414049436260858e+00
5.223412903535162e-01
8.108917424183807e-01
3.408432562282425e-01
1.677829930166988e+00
9.415661602224745e-01
1.518632516508978e-01
5.720489794892922e-01
9.991699047528180e-01
6.795845733729634e-01
1.971402345313621e+00
7.075587243483419e-01
1.075289832663297e+00
-2.833600870413974e-01
1.897941865444668e+00
8.906014648611895e-01
5.452875792606815e-01
1.811599616200205e+00
1.707899438506349e+00
8.033313317351863e-01
4.919424960914294e-01
1.453773841978923e+00
3.107611814784959e-01
3.928261160378440e-01
3.828691697985427e-01
7.498849924762897e-01
9.446371838463163e-02
-2.112413457367105e-01
1.501713755648446e+00
5.504302383139289e-01
1.350531295453556e+00
8.992339233376190e-01
6.120052481821117e-01
7.476065252366094e-01
1.700303266299637e+00
5.400875422945457e-01
1.325696160504552e+00
1.078134937656138e+00
3.810905207760609e-02
3.895307561524271e-01
1.471427493798448e+00
9.081362018580738e-01
1.105782155039718e-01
5.768834827709545e-01
5.039634685613753e-01
-2.347200326091836e-01
6.952475179171081e-01
3.334828644790005e-01
1.008216394151417e+00
6.694447362657061e-01
8.604713528730324e-01
4.453958928991111e-01
6.728861678236783e-01
5.545376778850225e-02
6.860360307714995e-01
1.315216674127422e-01
1.366627299113136e-01
7.186832763757476e-01
5.879374865118944e-01
-3.256846591770564e-01
8.761150146003263e-01
1.667359671134984e-01
1.459615808073339e+00
7.653640126894347e-01
-1.225843381564480e-01
5.941111888913053e-01
2.320293630263900e-01
5.435606027398170e-01
4.482938935157889e-01
1.955287757126906e-01
1.176240719976864e+00
1.419600761067320e+00
4.305908642772275e-01
1.437507464804212e-02
7.556975644719519e-01
7.989183667658981e-01
6.922393208652420e-01
-2.750936631069624e-01
9.340914192714658e-01
1.086827591456283e+00
1.283293849449739e+00
6.762661635238812e-01
7.903571164231974e-01
9.760833031134831e-01
7.128413815222283e-01
5.848116218301427e-01
4.814965248545417e-01
-2.916918333677537e-01
4.841363223800895e-01
1.828396631058604e+00
8.352214353115943e-02
3.297631238703814e-01
-1.733035265308203e-01
1.052459985118399e-01
5.832389531668277e-01
1.915932286471498e+00
9.623849697876631e-01
1.083903691288859e+00
7.001221997921067e-01
1.222917277886617e+00
1.040002241668244e+00
3.516889670501226e-01
7.281860354262165e-01
3.552529836072086e-01
-2.268328377584699e-01
6.740196666510612e-01
-3.526716515512993e-02
-1.658900668215581e-01
6.635728972737960e-01
6.076202016921651e-01
9.903387379164796e-01
2.537982102813610e-01
4.393342227040638e-02
7.691123086747076e-01
1.265366503696495e+00
1.495568957761736e+00
4.183600972378737e-01
1.046674135003706e+00
1.089778010013836e+00
